DGIS_API_KEY=3150fd27-26a9-49d4-996c-bf9c11787d13
DEFAULT_LAT=43.41441810016947
DEFAULT_LON=39.95047394598303
DEFAULT_RADIUS=1000